27, 9
28, 9
29, 9
30, 9
31, 9
32, 9
33, 9
34, 9
35, 9
36, 9
37, 9
38, 9
39, 9
40, 9
41, 9
42, 9
43, 9
44, 9
45, 9
46, 9
47, 9
48, 9
49, 9
50, 9
51, 9
52, 9
53, 9
54, 10
55, 11
56, 12
56, 13
56, 14
54, 9
55, 10
56, 11
56, 15
56, 16
56, 17
56, 18
56, 19
56, 20
56, 21
56, 22
56, 23
56, 24
56, 25
56, 26
56, 27
56, 28
56, 29
56, 30
56, 31
56, 32
56, 33
56, 34
56, 35
55, 35
55, 36
54, 36
54, 37
53, 37
52, 37
51, 37
50, 37
49, 37
48, 37
47, 37
46, 37
45, 37
44, 37
43, 37
42, 37
41, 37
40, 37
39, 37
39, 38
39, 39
39, 40
27, 10
26, 10
26, 11
25, 11
25, 12
25, 13
25, 14
25, 15
25, 16
25, 17
25, 18
25, 19
25, 20
25, 21
25, 22
25, 23
25, 25
25, 24
25, 26
25, 27
25, 28
25, 29
25, 30
25, 31
25, 32
25, 33
25, 34
25, 35
26, 36
27, 37
25, 36
26, 37
28, 37
29, 37
30, 37
31, 37
32, 37
33, 37
33, 38
33, 39
33, 40
33, 41
33, 42
33, 43
34, 41
34, 42
34, 43
34, 44
34, 45
34, 46
34, 47
40, 40
41, 40
42, 40
43, 40
44, 40
45, 40
46, 40
47, 40
47, 39
47, 38
33, 47
32, 47
31, 47
30, 47
29, 47
28, 47
27, 47
26, 47
25, 47
24, 47
23, 47
22, 47
21, 47
20, 47
19, 47
18, 47
17, 47
16, 47
15, 47
14, 47
13, 47
13, 48
12, 48
11, 48
10, 48
9, 48
8, 48
7, 48
6, 48
5, 48
5, 49
5, 50
6, 51
5, 51
6, 52
5, 52
6, 53
7, 54
7, 55
6, 54
8, 56
9, 57
9, 58
8, 57
7, 56
10, 59
9, 59
11, 60
10, 60
11, 61
12, 61
12, 62
13, 62
13, 63
14, 63
14, 64
15, 64
15, 65
16, 65
17, 65
18, 65
19, 65
20, 65
21, 65
22, 65
38, 44
39, 44
40, 44
41, 44
42, 44
43, 44
44, 44
47, 41
47, 42
47, 43
47, 44
47, 46
47, 45
47, 47
48, 47
49, 47
50, 47
51, 47
52, 47
53, 47
54, 47
55, 47
56, 47
57, 47
58, 47
59, 47
60, 47
61, 47
62, 47
63, 47
64, 47
65, 47
66, 47
67, 47
68, 47
69, 47
70, 47
71, 47
72, 47
73, 47
74, 47
75, 47
76, 47
77, 47
78, 47
79, 47
80, 47
81, 47
82, 47
83, 47
84, 47
85, 47
86, 47
87, 47
88, 47
89, 47
90, 47
90, 48
90, 49
90, 50
90, 51
90, 52
90, 53
90, 54
91, 47
92, 47
93, 47
93, 46
93, 45
93, 44
93, 43
93, 42
93, 41
94, 41
95, 41
96, 41
97, 40
98, 40
99, 40
100, 40
101, 40
102, 40
103, 40
98, 44
99, 44
100, 44
101, 44
102, 44
103, 44
97, 44
98, 47
98, 48
99, 48
100, 48
101, 48
102, 48
103, 48
103, 49
103, 50
103, 51
103, 52
103, 53
103, 53
103, 54
102, 54
101, 53
94, 40
93, 40
93, 39
93, 38
92, 38
93, 37
92, 37
91, 37
90, 37
89, 37
88, 37
87, 37
94, 37
95, 37
96, 37
97, 37
97, 38
97, 39
98, 37
99, 37
101, 37
100, 37
102, 37
103, 37
22, 66
23, 66
24, 66
25, 66
26, 66
27, 66
28, 66
29, 66
30, 66
31, 66
32, 66
33, 66
34, 66
35, 66
36, 66
37, 66
38, 66
39, 66
40, 66
41, 66
42, 66
43, 66
44, 66
45, 66
46, 66
47, 66
48, 66
94, 48
95, 49
95, 50
96, 51
96, 51
98, 49
99, 50
100, 51
86, 36
85, 35
85, 36
86, 37
85, 34
85, 33
85, 32
85, 31
85, 30
85, 29
85, 28
85, 27
85, 26
85, 25
85, 24
85, 23
85, 22
85, 21
85, 20
85, 19
85, 18
85, 17
85, 16
85, 15
85, 14
85, 14
85, 13
85, 12
85, 11
86, 11
87, 10
86, 10
88, 9
87, 9
89, 9
90, 9
91, 9
92, 9
93, 9
94, 9
95, 9
96, 9
97, 9
98, 9
99, 9
100, 9
101, 9
102, 9
103, 9
104, 9
105, 9
106, 9
107, 9
108, 9
109, 9
110, 9
111, 9
112, 9
113, 9
114, 10
115, 11
116, 12
115, 10
114, 9
116, 11
116, 13
116, 14
116, 15
116, 16
116, 17
116, 18
116, 19
116, 20
116, 21
116, 22
116, 23
116, 24
116, 25
116, 26
116, 27
116, 28
116, 29
116, 31
116, 30
116, 32
116, 33
116, 34
116, 35
115, 35
114, 36
113, 37
108, 37
109, 37
110, 37
111, 37
112, 37
115, 36
114, 37
107, 37
107, 38
107, 39
107, 40
107, 45
107, 46
107, 47
106, 47
106, 48
106, 49
106, 50
106, 51
106, 52
106, 53
106, 54
106, 55
107, 55
108, 55
107, 52
110, 52
109, 52
114, 54
114, 53
114, 52
110, 53
110, 54
110, 55
110, 51
110, 50
110, 49
110, 48
108, 47
109, 47
110, 47
111, 47
112, 47
113, 47
114, 47
115, 47
116, 47
117, 47
118, 47
119, 47
120, 47
121, 47
122, 47
123, 47
124, 47
125, 47
126, 47
127, 47
128, 47
129, 47
130, 47
131, 47
132, 47
133, 47
133, 48
133, 49
133, 50
133, 51
133, 52
133, 53
133, 54
114, 48
114, 49
114, 50
114, 51
118, 48
118, 49
118, 50
118, 51
118, 52
118, 53
118, 54
118, 55
119, 55
120, 55
121, 55
123, 55
124, 55
125, 55
125, 54
125, 51
125, 50
125, 49
125, 48
126, 55
127, 55
128, 55
131, 55
132, 55
133, 57
132, 57
131, 57
130, 57
129, 57
128, 57
127, 57
126, 57
125, 57
125, 58
122, 58
122, 57
121, 58
120, 58
119, 58
108, 57
109, 57
110, 57
111, 57
112, 57
113, 57
114, 57
115, 57
115, 58
107, 58
106, 58
106, 59
106, 60
106, 61
106, 62
106, 64
106, 63
106, 65
106, 66
133, 58
133, 59
133, 60
133, 61
133, 62
133, 63
133, 64
133, 65
133, 66
105, 66
104, 66
103, 66
102, 65
101, 64
100, 64
99, 64
98, 64
97, 64
96, 65
95, 66
95, 67
94, 67
93, 67
92, 67
92, 66
92, 65
92, 64
92, 63
92, 62
92, 61
91, 61
90, 61
90, 62
90, 64
90, 63
90, 65
90, 66
91, 66
90, 60
88, 59
88, 60
89, 60
85, 60
85, 61
84, 61
84, 62
84, 63
84, 64
84, 65
84, 66
84, 59
83, 59
82, 59
81, 59
80, 59
77, 59
77, 60
77, 61
77, 62
77, 63
77, 64
77, 65
77, 66
121, 59
121, 60
121, 61
121, 62
121, 63
121, 64
121, 65
121, 66
122, 66
123, 66
124, 66
125, 66
126, 66
128, 66
127, 66
129, 66
130, 66
131, 66
132, 66
107, 66
108, 66
109, 66
110, 66
111, 66
112, 66
113, 66
114, 66
115, 66
116, 66
117, 66
118, 66
119, 66
120, 66
88, 55
89, 55
85, 55
84, 55
83, 55
82, 54
81, 54
80, 54
73, 59
74, 59
75, 59
76, 59
70, 66
70, 65
70, 64
70, 63
70, 62
70, 60
70, 59
69, 59
68, 59
65, 59
64, 59
63, 59
62, 59
61, 58
61, 59
54, 58
54, 59
55, 59
56, 59
57, 59
58, 59
59, 59
60, 59
49, 66
50, 66
51, 66
52, 66
53, 66
54, 66
55, 66
56, 66
57, 66
58, 66
59, 66
60, 66
61, 66
62, 66
63, 66
64, 66
65, 66
66, 66
67, 66
68, 66
69, 66
71, 66
72, 66
73, 66
74, 66
75, 66
76, 66
78, 66
79, 66
80, 66
81, 66
82, 66
83, 66
61, 60
61, 61
61, 62
61, 63
61, 64
61, 65
49, 65
49, 64
49, 63
49, 62
50, 62
51, 62
51, 60
51, 59
50, 59
49, 59
48, 59
47, 59
44, 59
43, 59
44, 60
44, 61
44, 62
44, 63
44, 65
44, 64
39, 65
39, 64
39, 63
39, 62
39, 61
39, 60
39, 59
40, 59
34, 59
34, 61
34, 62
34, 63
34, 64
34, 65
34, 60
35, 59
36, 59
33, 59
32, 59
31, 59
28, 59
27, 59
23, 59
24, 59
25, 59
26, 59
23, 60
23, 61
23, 62
23, 63
23, 64
23, 65
12, 57
13, 57
14, 57
15, 57
16, 57
17, 57
18, 57
19, 57
20, 58
20, 57
12, 55
13, 55
13, 49
13, 50
13, 51
13, 52
13, 53
13, 54
14, 55
15, 55
18, 55
19, 54
19, 55
20, 55
20, 54
20, 48
20, 49
20, 50
20, 51
20, 52
20, 53
21, 55
22, 55
25, 55
26, 55
27, 55
27, 48
27, 49
27, 50
27, 51
27, 52
27, 53
27, 54
28, 55
29, 55
33, 55
32, 55
35, 54
34, 55
34, 54
35, 53
35, 52
35, 51
35, 50
35, 49
35, 48
34, 48
38, 48
38, 48
38, 49
38, 50
38, 51
38, 52
38, 53
38, 54
39, 54
41, 54
42, 54
42, 48
42, 49
42, 50
42, 51
42, 52
42, 53
47, 48
47, 49
47, 50
47, 51
47, 52
47, 53
47, 54
45, 54
45, 52
45, 53
45, 50
45, 49
45, 48
38, 47
39, 47
40, 47
41, 47
42, 47
43, 47
44, 47
45, 47
46, 47
54, 48
54, 49
54, 50
54, 51
54, 52
54, 53
54, 54
48, 54
49, 54
50, 54
51, 54
55, 54
56, 54
57, 54
58, 54
59, 54
60, 54
61, 54
62, 54
63, 54
66, 55
67, 54
66, 54
68, 48
68, 49
68, 50
68, 51
75, 48
75, 49
75, 50
75, 51
76, 51
76, 52
82, 48
82, 49
82, 51
82, 50
82, 52
82, 53
85, 66
86, 66
87, 66
88, 66
89, 66
34, 36
34, 35
34, 34
33, 34
33, 32
34, 31
34, 30
34, 32
26, 29
27, 29
28, 29
29, 29
30, 29
31, 29
32, 29
33, 29
34, 29
26, 17
27, 17
28, 17
29, 17
30, 17
31, 17
32, 17
33, 17
34, 17
34, 18
26, 21
27, 21
28, 21
29, 21
30, 21
31, 21
32, 21
33, 21
34, 21
34, 22
34, 23
34, 24
34, 25
34, 26
36, 10
36, 11
36, 12
36, 13
36, 14
36, 15
38, 15
37, 15
41, 17
40, 17
42, 17
43, 17
44, 17
45, 17
46, 17
47, 17
47, 16
47, 10
47, 11
47, 12
47, 13
47, 14
47, 15
51, 18
51, 17
52, 17
53, 17
54, 17
55, 17
51, 20
51, 21
38, 22
38, 23
38, 24
38, 25
38, 26
38, 27
38, 28
38, 29
39, 29
40, 29
41, 29
42, 29
43, 29
43, 28
43, 27
43, 26
43, 25
43, 24
43, 22
43, 23
40, 21
41, 21
42, 21
43, 21
46, 21
47, 21
47, 20
44, 29
45, 29
46, 29
47, 29
48, 29
48, 21
49, 21
50, 21
52, 21
53, 21
54, 21
55, 21
49, 29
50, 29
51, 29
52, 29
53, 29
54, 29
55, 29
38, 31
39, 31
40, 31
41, 31
41, 32
41, 34
41, 35
41, 36
38, 32
38, 33
38, 34
38, 35
38, 36
38, 37
51, 30
51, 31
52, 33
53, 33
54, 33
55, 33
51, 36
51, 35
51, 33
40, 50
40, 49
40, 48
108, 50
108, 49
108, 48
112, 50
112, 49
112, 48
115, 49
68, 54
69, 54
69, 54
70, 54
73, 54
74, 54
75, 54
76, 54
77, 54
78, 54
86, 29
87, 29
88, 29
93, 29
94, 29
94, 30
94, 31
94, 32
94, 33
94, 34
94, 35
94, 36
95, 29
99, 29
100, 29
100, 30
100, 31
100, 32
100, 33
100, 34
100, 35
100, 36
107, 29
108, 28
109, 27
110, 27
111, 27
112, 27
113, 27
114, 27
115, 27
107, 32
107, 33
108, 33
109, 33
110, 33
111, 33
113, 33
112, 33
114, 33
115, 33
107, 35
107, 36
103, 35
103, 36
