-0.0004	-0.0004	0.9972	
0.0	-0.0016	0.9976	
-0.0004	-0.0012	0.9992	
-0.0004	-0.0012	0.9976	
0.0	-0.0004	0.998	
-0.0008	0.0088	0.9956	
-0.026399999999999996	0.011200000000000002	0.9936	
-0.1396	-0.032799999999999996	0.9808	
-0.042	-0.08560000000000001	0.9964	
-0.048799999999999996	-0.102	0.9944	
-0.0444	-0.1124	0.992	
-0.0184	-0.09720000000000001	1.0004	
-0.044800000000000006	-0.08560000000000001	0.9956	
-0.05	-0.1	0.9956	
-0.0512	-0.0832	0.9952	
-0.05	-0.0724	0.9952	
-0.05	-0.07120000000000001	0.9972	
-0.05	-0.07080000000000002	0.9968	
-0.05	-0.07	0.9984000000000001	
-0.0368	-0.07400000000000001	0.9995999999999999	
-0.068	-0.1716	0.9836	
-0.07440000000000001	-0.1128	0.9852	
-0.015600000000000001	-0.0564	0.9940000000000001	
-0.0276	-0.0768	0.9972	
-0.03	-0.08040000000000001	0.996	
-0.03	-0.08	0.996	
-0.03	-0.08040000000000001	0.9964	
-0.0268	-0.07680000000000001	0.9987999999999999	
-0.06869565217391303	-0.04391304347826087	0.9947826086956522	
-0.43	-0.02	0.9007999999999999	
-0.43	-0.02	0.9007999999999999	
-0.43	-0.02	0.9	
-0.43	-0.02	0.9	
-0.4296	-0.02	0.9	
-0.446	-0.027200000000000002	0.8928	
-0.4816	-0.036000000000000004	0.8704000000000001	
-0.48119999999999996	-0.038	0.8712000000000001	
-0.4808	-0.037200000000000004	0.8708	
-0.5075999999999999	-0.0368	0.856	
-0.5676	-0.03	0.8211999999999999	
-0.5688	-0.03	0.8208	
-0.5760000000000001	-0.0324	0.816	
-0.616	-0.04	0.7892	
-0.6168	-0.04	0.7896000000000001	
-0.6516	-0.0436	0.7615999999999999	
-0.68	-0.0504	0.732	
-0.68	-0.05	0.7315999999999999	
-0.6796000000000001	-0.0504	0.73	
-0.6824000000000001	-0.0516	0.7312000000000001	
-0.7596	-0.1016	0.6516	
-0.7444	0.013999999999999999	0.6772	
-0.7143999999999999	0.005600000000000001	0.7020000000000001	
-0.71	0.0028000000000000004	0.7023999999999999	
-0.7103999999999999	0.0068000000000000005	0.704	
-0.71	0.01	0.7019999999999998	
-0.71	0.01	0.7023999999999999	
-0.71	0.01	0.7008	
-0.7195999999999999	0.0108	0.6975999999999999	
-0.8868	-0.0152	0.4404	
-0.9972	0.06280000000000001	0.1364	
-1.0024	0.04	0.0772	
-0.9908	0.013600000000000001	0.20559999999999998	
-0.9915999999999999	-0.0036000000000000008	0.19399999999999998	
-0.9995999999999999	0.028399999999999998	0.15960000000000002	
-0.9995999999999999	0.03	0.1648	
-0.9987999999999999	0.03	0.16880000000000003	
-0.9987999999999999	0.03	0.1696	
-0.9992	0.03	0.17	
-0.9984000000000001	0.03	0.17	
-1.0	0.03	0.17	
-0.9987999999999999	0.03	0.17	
-1.0036	-0.022000000000000002	0.0704	
-1.014	0.02	0.0104	
-1.0148000000000001	-0.0288	0.047599999999999996	
-1.0132	0.0004	-0.0104	
-1.0136	0.0	-0.0052	
-1.0148000000000001	0.0	-0.0052	
-1.0128	0.0	-0.005600000000000001	
-1.0104	-0.012	0.004	
-0.9148000000000001	0.114	0.3788	
-0.6531999999999999	0.5324	0.45520000000000005	
-0.0336	0.526	0.7912	
-0.2376	0.23199999999999998	0.8412000000000001	
-0.27	-0.6872	0.5075999999999999	
-0.18600000000000003	-0.556	0.8012	
0.0288	-0.2964	0.9528	
-0.0604	-0.5771999999999999	0.8172	
-0.0368	-0.6759999999999999	0.7208	
-0.042	-0.6108	0.7959999999999999	
0.0008000000000000001	-0.5736	0.8344	
-0.0068000000000000005	-0.6023999999999999	0.8096	
-0.0072	-0.6004	0.8144	
0.01	-0.6	0.816	
-0.0008000000000000001	-0.5996	0.8172	
-0.0008	-0.6	0.8112	
0.0008	-0.6	0.8108	
0.005600000000000001	-0.6	0.8128	
0.01	-0.6	0.8140000000000001	
0.01	-0.6	0.8140000000000001	
0.01	-0.6	0.8168	
-0.006	-0.6448	0.7812	
-0.0004	-0.6696000000000001	0.76	
0.0	-0.67	0.76	
0.0	-0.67	0.76	
-0.0004	-0.6724000000000001	0.7587999999999999	
-0.006	-0.7376	0.6968000000000001	
-0.0004	-0.7664	0.6676000000000001	
0.0196	-0.77	0.6656	
0.02	-0.77	0.6652000000000001	
0.02	-0.7704000000000001	0.6624000000000001	
0.02	-0.77	0.6644	
0.02	-0.77	0.664	
0.02	-0.77	0.6656	
0.02	-0.77	0.6628000000000001	
0.02	-0.77	0.6644	
0.02	-0.77	0.6632000000000001	
-0.011199999999999998	-0.8384	0.5828	
-0.07919999999999999	-0.9328	0.40240000000000004	
-0.1008	-0.9396	0.3508	
-0.11120000000000001	-1.0088	0.1328	
-0.07919999999999999	-1.0216	0.055600000000000004	
-0.0524	-1.0296	0.016	
-0.04	-1.0288	0.026799999999999997	
-0.0404	-1.03	0.0196	
-0.04	-1.0296	0.032	
-0.04	-1.0296	0.0364	
-0.04	-1.0284	0.036000000000000004	
-0.04	-1.03	0.0364	
-0.0404	-1.0272	0.0388	
0.018000000000000002	-0.3328	0.5660000000000001	
-0.054400000000000004	0.9423999999999999	0.196	
-0.2016	0.946	-0.005599999999999999	
-0.134	0.9611999999999999	0.053200000000000004	
-0.1484	0.96	0.02	
-0.15039999999999998	0.96	0.02	
-0.1252	0.9588	0.0444	
-0.09759999999999999	0.96	0.0536	
-0.1	0.96	0.05	
-0.1052	0.9603999999999999	0.052000000000000005	
-0.1252	0.9588	0.045200000000000004	
-0.1264	0.9608	0.031200000000000002	
-0.13360000000000002	0.9592	0.027999999999999997	
-0.14	0.96	0.0208	
-0.1448	0.96	0.02	
-0.1472	0.96	0.02	
-0.1472	0.96	0.0196	
-0.1484	0.96	0.02	
-0.1244	0.9595999999999999	0.0696	
-0.21080000000000002	0.9328	0.0444	
-0.7736	0.5104	-0.1	
-1.0031999999999999	-0.04680000000000001	0.08199999999999999	
