201	-575	-423	
201	-575	-415	
193	-575	-417	
209	-567	-417	
193	-559	-411	
201	-575	-419	
201	-567	-413	
209	-567	-417	
177	-559	-415	
193	-583	-419	
193	-559	-409	
209	-583	-415	
201	-543	-415	
185	-567	-415	
193	-551	-419	
201	-559	-413	
201	-575	-409	
201	-567	-419	
201	-575	-413	
201	-575	-411	
201	-567	-421	
201	-567	-415	
201	-551	-417	
217	-567	-415	
209	-567	-413	
201	-559	-413	
209	-567	-415	
193	-519	-415	
257	-439	-421	
313	-439	-407	
257	-311	-393	
105	-431	-363	
-39	-487	-331	
-183	-519	-319	
-295	-655	-291	
-271	-727	-287	
-231	-807	-279	
-327	-895	-253	
-255	-999	-233	
-231	-1071	-205	
-215	-1199	-163	
-231	-1247	-109	
-279	-1287	-59	
-303	-1279	-41	
-311	-1279	-25	
-279	-1311	-47	
-223	-1311	-63	
-207	-1311	-73	
-247	-1319	-41	
-327	-1287	25	
-343	-1215	67	
-311	-1167	111	
-151	-1095	141	
33	-1095	149	
185	-1159	125	
225	-1215	95	
105	-1231	81	
-135	-1263	65	
-495	-1175	3	
-911	-759	-105	
-863	-255	-161	
-447	201	-169	
161	425	-115	
593	297	-97	
881	-39	-119	
857	-471	-175	
649	-751	-197	
329	-1007	-197	
-79	-1199	-151	
-279	-1263	-91	
-287	-1319	-29	
-15	-1279	53	
217	-1319	99	
313	-1359	69	
209	-1359	33	
-7	-1327	11	
-375	-1263	-15	
-839	-879	-61	
-975	-447	-109	
-799	33	-143	
-367	417	-145	
369	465	-133	
753	169	-129	
889	-311	-169	
625	-775	-217	
241	-975	-235	
-159	-1127	-189	
-407	-1223	-89	
-383	-1255	-5	
-119	-1279	39	
297	-1199	111	
513	-1135	151	
625	-1175	127	
441	-1263	95	
145	-1319	61	
-159	-1303	39	
-639	-1135	-17	
-927	-791	-77	
-975	-343	-131	
-639	217	-149	
-79	473	-147	
433	417	-127	
865	33	-137	
825	-471	-201	
497	-807	-235	
105	-975	-241	
-343	-1127	-165	
-471	-1215	-63	
-343	-1263	27	
-55	-1303	35	
177	-1303	77	
393	-1327	105	
481	-1303	77	
425	-1319	61	
177	-1367	27	
-175	-1311	-7	
-511	-1191	-13	
-855	-967	-21	
-1015	-567	-43	
-983	-143	-89	
-639	257	-141	
1	457	-163	
465	361	-153	
793	65	-169	
753	-415	-225	
553	-743	-237	
281	-935	-229	
-7	-1127	-197	
-263	-1223	-127	
-231	-1303	-65	
-111	-1351	-27	
137	-1335	5	
273	-1399	21	
449	-1479	-1	
313	-1431	-69	
41	-1383	-89	
-215	-1287	-89	
-567	-1159	-85	
-839	-927	-79	
-1007	-527	-69	
-935	-39	-61	
-655	337	-85	
-31	529	-93	
625	289	-93	
937	-95	-81	
921	-575	-133	
529	-983	-181	
81	-1151	-185	
-279	-1223	-127	
-471	-1223	-61	
-375	-1271	5	
-135	-1319	25	
73	-1327	67	
113	-1463	61	
-63	-1503	17	
-311	-1375	-9	
-527	-1231	3	
-647	-1119	5	
-791	-959	27	
-919	-735	43	
-975	-583	27	
-975	-447	-1	
-951	-231	-59	
-855	-63	-115	
-679	89	-161	
-207	297	-193	
257	329	-157	
569	249	-125	
817	33	-115	
897	-119	-133	
865	-375	-181	
641	-775	-219	
129	-1239	-153	
-335	-1263	-91	
-495	-1199	-7	
-359	-1159	97	
-143	-1047	165	
121	-975	155	
-127	-1231	1	
-1487	-727	-155	
-1271	57	153	
-911	-711	47	
-671	-583	-239	
-7	-495	-327	
673	-567	-253	
921	-583	-137	
929	-719	-61	
873	-839	13	
689	-1023	63	
497	-1047	113	
353	-967	171	
313	-903	191	
289	-863	201	
225	-791	219	
169	-751	231	
137	-775	245	
185	-759	245	
393	-719	255	
425	-639	275	
345	-551	287	
321	-487	281	
305	-383	277	
217	-383	269	
169	-359	253	
185	-255	245	
153	-279	245	
201	-167	237	
393	-95	211	
657	-103	177	
881	-231	111	
969	-471	77	
969	-679	41	
897	-791	-7	
889	-823	-55	
881	-871	-53	
825	-935	9	
761	-871	107	
657	-711	175	
489	-567	217	
265	-415	249	
57	-335	245	
1	-319	255	
89	-295	251	
233	-351	245	
369	-295	227	
401	-295	233	
369	-279	231	
273	-295	239	
209	-375	249	
217	-567	235	
417	-783	203	
569	-871	153	
561	-991	139	
481	-1063	133	
505	-1143	77	
641	-1159	5	
817	-975	-87	
825	-703	-173	
681	-631	-223	
585	-551	-239	
481	-527	-265	
329	-535	-277	
209	-559	-287	
49	-671	-279	
-95	-791	-271	
9	-783	-269	
193	-703	-275	
345	-599	-267	
385	-663	-263	
489	-535	-249	
497	-551	-245	
441	-615	-255	
377	-671	-257	
217	-887	-243	
41	-1007	-225	
-191	-1167	-167	
-383	-1231	-85	
-535	-1191	-23	
-687	-1063	35	
-743	-887	99	
-823	-711	121	
-879	-615	109	
-799	-847	93	
-319	-1271	25	
-31	-1319	-25	
177	-1295	-95	
401	-1143	-141	
425	-1151	-123	
217	-1263	-79	
-55	-1319	-19	
-335	-1271	29	
-487	-1143	81	
-647	-975	109	
-735	-919	101	
-823	-847	75	
-927	-863	11	
-927	-879	-49	
-887	-871	-77	
-783	-991	-79	
-711	-1039	-119	
-759	-935	-135	
-807	-839	-143	
-863	-807	-137	
-815	-879	-121	
-767	-1023	-65	
-623	-1159	-37	
-471	-1255	-1	
-351	-1271	37	
-351	-1255	67	
-439	-1175	81	
-487	-1175	55	
-655	-1127	-13	
-775	-1007	-59	
-807	-927	-95	
-879	-831	-115	
-927	-743	-115	
-951	-735	-91	
-999	-751	-13	
-871	-807	97	
-551	-911	161	
-175	-999	183	
57	-1127	139	
441	-1167	61	
641	-1127	-57	
569	-1135	-105	
545	-1087	-157	
609	-959	-175	
697	-935	-161	
705	-991	-103	
641	-1103	-9	
417	-1191	19	
377	-1239	1	
329	-1263	13	
233	-1295	-21	
289	-1295	-19	
425	-1231	-35	
521	-1175	-71	
569	-1127	-91	
561	-1031	-141	
545	-991	-165	
457	-999	-187	
345	-1015	-203	
233	-991	-227	
49	-919	-251	
-95	-815	-277	
-279	-687	-281	
-343	-607	-283	
-463	-551	-273	
-583	-551	-257	
-687	-663	-229	
-767	-775	-199	
-719	-1055	-125	
-679	-1143	-79	
-695	-1175	-63	
-735	-1159	-55	
-719	-1175	-39	
-711	-1151	-37	
-703	-1159	-1	
-711	-1167	13	
-743	-1103	23	
-767	-1095	21	
-863	-1023	-17	
-951	-871	-83	
-991	-607	-141	
-919	-415	-173	
-903	-263	-169	
-903	-127	-155	
-831	-47	-173	
-815	-119	-197	
-799	-351	-221	
-727	-943	-169	
-623	-1215	-49	
-575	-1135	97	
-551	-999	153	
-511	-943	177	
-543	-855	183	
-511	-871	195	
-527	-815	201	
-503	-727	205	
-535	-663	213	
-471	-679	219	
-455	-719	209	
-623	-767	171	
-575	-783	181	
-599	-695	177	
-719	-567	165	
-863	-359	113	
-943	-159	67	
-975	-15	33	
-935	113	-11	
-919	185	-21	
-879	217	15	
-711	321	35	
-663	305	79	
-511	393	89	
-423	329	115	
-511	121	161	
-511	73	155	
-663	17	139	
-735	17	131	
-823	-47	117	
-911	-71	89	
-943	-23	67	
-959	1	43	
-999	9	17	
-927	105	-5	
-943	145	-9	
-935	145	-5	
-919	161	25	
-951	25	35	
-967	-15	33	
-999	-87	27	
-1007	-71	19	
-999	-7	17	
-983	-63	51	
-935	-127	91	
-879	-143	125	
-743	-95	147	
-687	-47	157	
-623	105	139	
-583	161	125	
-527	265	115	
-431	345	103	
-367	361	107	
-423	257	151	
-487	201	153	
-495	257	147	
-543	193	153	
-535	241	159	
-519	249	157	
-543	185	173	
-615	57	187	
-695	-103	183	
-831	-191	175	
-871	-223	183	
-815	-255	201	
-583	-135	225	
-351	-79	235	
-215	-79	229	
-167	-247	235	
-311	-215	221	
-439	-79	193	
-535	-79	179	
-615	-15	157	
-655	-23	151	
-663	-47	149	
-703	-79	153	
-695	-79	155	
-695	-47	147	
-695	-71	149	
-695	-127	161	
-743	-183	159	
-863	-191	125	
-935	-223	93	
-959	-167	83	
-1023	-199	79	
-1007	-159	79	
-1007	-127	89	
-871	1	97	
-759	73	125	
-655	57	145	
-599	49	159	
-543	65	159	
-559	89	147	
-583	89	145	
-655	137	113	
-759	121	81	
-847	89	55	
-903	73	11	
-919	73	-11	
-887	129	-31	
-807	233	-35	
-727	321	-35	
-639	417	-23	
-575	417	-47	
-663	369	-103	
-703	193	-177	
-647	-111	-253	
-639	-471	-263	
-599	-871	-231	
-551	-919	-233	
-535	-919	-251	
-535	-871	-251	
-551	-791	-261	
-583	-631	-271	
-607	-447	-275	
-607	-271	-267	
-543	-135	-257	
-487	-47	-255	
-415	-7	-255	
-247	57	-259	
-343	81	-253	
-439	1	-261	
-455	-159	-275	
-423	-71	-277	
-479	-119	-277	
-527	-127	-275	
-559	-135	-267	
-591	-207	-273	
-559	-319	-277	
-551	-503	-279	
-559	-575	-269	
-615	-703	-257	
-743	-767	-213	
-903	-871	-127	
-983	-919	-29	
-879	-935	77	
-823	-903	99	
-735	-919	123	
-735	-951	109	
-751	-943	97	
-823	-927	79	
-951	-887	-23	
-927	-623	-173	
-759	-247	-227	
-751	1	-189	
-799	121	-117	
-887	129	5	
-927	81	19	
-911	73	31	
-863	113	61	
-783	145	87	
-703	161	103	
-647	177	117	
-639	121	133	
-655	65	143	
-687	-15	171	
-743	-95	157	
-751	-127	157	
-695	-175	179	
-623	-223	193	
-559	-359	215	
-519	-511	217	
-431	-727	209	
-551	-1151	45	
-631	-1095	53	
-727	-1095	13	
-743	-1039	-17	
-799	-1047	-31	
-775	-1063	-35	
-783	-1047	-9	
-639	-1151	29	
-631	-1191	33	
-783	-983	83	
-887	-695	131	
-807	-383	185	
-623	-215	231	
-535	-247	241	
-535	-239	243	
-519	-263	241	
-463	-215	243	
-455	-263	241	
-487	-311	237	
-527	-447	229	
-567	-551	231	
-463	-615	251	
-351	-847	247	
-279	-1015	213	
-343	-1199	131	
-279	-1191	133	
-95	-1255	113	
1	-1287	91	
-15	-1239	95	
-39	-1247	73	
-39	-1263	81	
-151	-1231	101	
-207	-1095	163	
-295	-1127	143	
-367	-1191	123	
-383	-1159	137	
-367	-1207	121	
-287	-1271	87	
-231	-1327	57	
-199	-1399	7	
-127	-1399	-25	
-95	-1391	-7	
49	-1375	-43	
81	-1343	-77	
137	-1279	-137	
113	-1143	-191	
57	-991	-243	
-119	-847	-269	
-359	-719	-269	
-511	-799	-249	
-591	-1015	-177	
-583	-1103	-137	
-527	-1207	-99	
-479	-1271	-71	
-439	-1319	-65	
-439	-1287	-67	
-511	-1239	-91	
-527	-1255	-75	
-503	-1255	-91	
-447	-1231	-145	
-319	-1191	-183	
-231	-1151	-195	
-127	-1191	-201	
-143	-1103	-221	
-119	-1015	-243	
-87	-895	-267	
-127	-703	-285	
-55	-535	-295	
-135	-471	-295	
-319	-551	-281	
-559	-583	-251	
-823	-751	-169	
-895	-975	-47	
-791	-1063	77	
-703	-1071	147	
-623	-1055	173	
-591	-1087	177	
-527	-1071	191	
-535	-1143	179	
-647	-1247	101	
-631	-1271	33	
-423	-1319	-71	
-215	-1303	-107	
17	-1279	-137	
177	-1175	-177	
241	-1095	-213	
273	-959	-241	
89	-1023	-239	
-103	-1159	-189	
-239	-1279	-109	
-343	-1343	-9	
-383	-1343	75	
-359	-1407	123	
-311	-1415	185	
-255	-1471	165	
-287	-1391	123	
-383	-1343	93	
-447	-1335	67	
-471	-1295	67	
-575	-1255	43	
-655	-1175	31	
-711	-1143	13	
-783	-1111	-27	
-671	-1119	-107	
-391	-1175	-173	
33	-1231	-187	
97	-1175	-189	
-63	-1231	-165	
-359	-1175	-127	
-655	-1127	-33	
-767	-975	35	
-775	-855	93	
-735	-759	139	
-711	-703	155	
-751	-695	147	
-783	-759	131	
-815	-815	97	
-815	-919	51	
-743	-1039	-3	
-631	-1127	-81	
-431	-1199	-147	
-63	-1207	-181	
121	-1199	-175	
265	-1183	-179	
161	-1207	-171	
-207	-1239	-145	
-583	-1167	-103	
-887	-919	-45	
-1007	-727	7	
-1015	-607	49	
-967	-599	73	
-951	-607	89	
-967	-655	73	
-991	-671	51	
-975	-759	-5	
-903	-855	-77	
-711	-951	-141	
-295	-1039	-217	
209	-1015	-229	
521	-1039	-165	
721	-1071	-53	
721	-1039	39	
609	-983	119	
449	-999	147	
273	-1119	143	
105	-1023	195	
81	-727	243	
161	-519	251	
225	-343	243	
313	-239	233	
329	-231	227	
265	-327	245	
209	-423	249	
33	-735	235	
-143	-887	207	
-375	-1119	117	
-447	-1247	-65	
-415	-1023	-207	
-255	-631	-279	
49	-303	-287	
161	-263	-283	
41	-439	-295	
-167	-695	-277	
-375	-975	-217	
-495	-1215	-61	
-415	-1135	113	
-351	-919	181	
-319	-943	189	
-359	-999	161	
-327	-1247	31	
-159	-1311	-63	
89	-1303	-89	
209	-1271	-83	
145	-1279	-83	
-103	-1271	-111	
-399	-1231	-77	
-559	-1207	-33	
-607	-1159	21	
-567	-1119	103	
-495	-991	165	
-463	-751	211	
-439	-575	235	
-495	-447	237	
-495	-359	239	
-431	-351	251	
-303	-415	255	
-295	-583	245	
-367	-903	195	
-415	-1079	137	
-527	-1055	131	
-711	-975	85	
-839	-919	43	
-943	-799	25	
-1047	-431	17	
-1047	-191	-7	
-943	17	41	
-711	257	119	
-623	273	141	
-655	209	141	
-735	41	133	
-863	-79	123	
-839	-295	139	
-799	-551	155	
-599	-783	185	
-463	-855	185	
-391	-823	193	
-431	-807	197	
-511	-871	173	
-639	-887	141	
-815	-879	91	
-911	-799	51	
-967	-711	21	
-1039	-583	15	
-1031	-535	21	
-1031	-471	39	
-1023	-399	67	
-967	-327	79	
-951	-255	103	
-847	-159	147	
-719	-47	171	
-631	17	189	
-559	41	185	
-583	-47	197	
-631	-135	199	
-607	-239	205	
-703	-335	185	
-759	-311	169	
-855	-287	137	
-935	-223	91	
-991	-207	53	
-1023	-183	23	
-991	-135	21	
-967	-87	61	
-855	-71	127	
-671	-31	177	
-639	-47	185	
-647	-127	189	
-719	-231	177	
-815	-263	153	
-903	-255	125	
-951	-247	99	
-991	-239	67	
-1007	-231	47	
-1015	-207	47	
-999	-167	59	
-959	-175	77	
-943	-167	95	
-959	-167	77	
-1031	-199	31	
-1063	-335	-7	
-1055	-479	-35	
-1047	-487	-75	
-1031	-407	-83	
-1023	-231	-87	
-975	-79	-77	
-967	-39	-59	
-1047	-215	-21	
-1047	-367	27	
-927	-575	103	
-543	-535	215	
-135	-343	255	
105	-167	243	
313	1	213	
545	17	183	
769	-87	145	
921	-295	101	
1025	-551	43	
993	-791	-15	
857	-903	-77	
721	-991	-107	
697	-967	-139	
649	-983	-145	
577	-1015	-153	
329	-1191	-137	
-143	-1271	-121	
-615	-1039	-147	
-847	-727	-153	
-967	-447	-127	
-1023	-311	-75	
-1047	-311	-25	
-1039	-319	13	
-1055	-383	3	
-1007	-655	-5	
-895	-839	45	
-695	-1047	53	
-535	-1159	83	
-455	-1023	153	
-759	-615	155	
-943	-431	101	
-1047	-335	17	
-1063	-319	-47	
-1055	-311	-77	
-1015	-327	-99	
-1031	-383	-95	
-1031	-535	-83	
-1055	-599	-59	
-1047	-639	-11	
-991	-615	65	
-919	-647	109	
-975	-583	93	
-1055	-519	21	
-1063	-431	-63	
-983	-351	-123	
-887	-247	-153	
-911	-231	-155	
-943	-191	-127	
-1031	-135	-61	
-1039	-111	13	
-967	-119	73	
-903	-15	89	
-895	33	79	
-831	49	83	
-775	25	119	
-767	49	107	
-879	-135	103	
-1031	-383	35	
-1039	-559	-13	
-1015	-679	-47	
-967	-759	-55	
-967	-823	-19	
-943	-791	37	
-847	-871	75	
-743	-919	93	
-807	-895	87	
-887	-735	91	
-1007	-511	53	
-1015	-215	39	
-927	17	47	
-735	193	71	
-639	249	77	
-583	265	85	
-631	201	111	
-783	25	117	
-855	-215	135	
-871	-559	129	
-679	-927	119	
-607	-1047	91	
-575	-1151	29	
-399	-1231	-75	
-335	-1207	-141	
-343	-1127	-173	
-279	-1111	-199	
-223	-1071	-209	
-135	-1151	-187	
-151	-1311	-83	
-79	-1335	-3	
-55	-1159	133	
-103	-991	187	
-7	-903	193	
97	-847	203	
281	-855	181	
417	-863	177	
465	-831	163	
465	-855	159	
553	-927	131	
553	-1039	75	
537	-1135	37	
585	-1135	-21	
641	-1119	-69	
625	-1103	-113	
553	-1063	-185	
425	-1023	-225	
393	-991	-233	
401	-1015	-225	
449	-1055	-213	
465	-1119	-165	
433	-1231	-95	
385	-1247	-31	
337	-1255	27	
225	-1215	91	
145	-1071	165	
97	-911	207	
217	-703	225	
409	-487	219	
641	-319	189	
961	-239	87	
1065	-303	-39	
993	-567	-129	
713	-703	-219	
713	-623	-213	
873	-535	-169	
1049	-391	-89	
1057	-279	21	
961	-455	109	
697	-679	167	
521	-863	165	
313	-1031	155	
137	-1103	143	
57	-1143	131	
49	-1199	123	
81	-1159	147	
105	-1087	171	
137	-1079	179	
145	-1039	185	
129	-927	209	
105	-799	233	
25	-711	239	
9	-679	237	
97	-679	239	
105	-583	237	
265	-295	229	
465	-87	189	
641	113	121	
817	217	17	
953	1	-55	
961	-295	-127	
793	-495	-207	
689	-551	-227	
769	-479	-205	
897	-383	-143	
1017	-183	-19	
937	-207	101	
777	-343	173	
513	-559	209	
393	-767	197	
297	-991	159	
209	-1135	123	
233	-1175	113	
201	-1215	111	
185	-1143	155	
193	-1159	161	
185	-1087	183	
129	-935	227	
49	-863	243	
17	-775	249	
-23	-663	255	
-55	-607	257	
-47	-583	251	
-7	-647	239	
-39	-511	251	
41	-343	247	
305	-63	209	
561	201	135	
729	241	47	
953	25	-3	
1057	-343	-99	
937	-487	-181	
753	-527	-233	
649	-527	-243	
609	-527	-241	
681	-519	-233	
801	-543	-191	
849	-615	-163	
857	-615	-149	
801	-639	-185	
609	-775	-213	
417	-1055	-191	
553	-1007	-213	
793	-943	-201	
1121	-823	-157	
1249	-503	-43	
1057	-287	29	
953	-255	133	
585	-391	217	
305	-639	235	
153	-775	223	
-39	-903	209	
-223	-991	179	
-359	-999	167	
-431	-959	177	
-543	-735	199	
-647	-575	201	
-695	-391	203	
-711	-215	193	
-727	-119	187	
-727	-63	197	
-623	-95	195	
-535	-231	219	
-383	-359	239	
-143	-391	251	
73	-303	249	
193	-191	231	
305	-23	213	
337	49	197	
337	89	195	
329	81	195	
361	9	203	
385	-103	215	
321	-351	233	
169	-783	223	
-103	-1023	179	
-391	-1127	115	
-607	-1103	71	
-799	-967	61	
-935	-759	67	
-1015	-447	67	
-983	-231	73	
-927	-127	91	
-863	-87	131	
-847	-159	143	
-799	-263	161	
-695	-463	191	
-519	-519	209	
-455	-543	215	
-511	-591	209	
-607	-623	189	
-743	-679	149	
-823	-623	143	
-847	-487	155	
-807	-407	167	
-727	-511	177	
-719	-751	165	
-751	-1047	47	
-727	-1087	-83	
-759	-895	-159	
-759	-727	-191	
-823	-559	-181	
-895	-471	-167	
-919	-359	-163	
-927	-295	-155	
-975	-303	-121	
-1031	-319	-93	
-1039	-375	-59	
-1055	-431	-21	
-1015	-551	37	
-919	-719	91	
-623	-903	163	
-335	-943	203	
-215	-895	211	
-383	-831	191	
-503	-791	181	
-599	-807	165	
-727	-815	137	
-759	-871	123	
-735	-879	133	
-671	-919	139	
-799	-887	93	
-903	-847	35	
-983	-743	5	
-1047	-591	-27	
-1071	-487	-37	
-1087	-407	-41	
-1039	-279	-45	
-1055	-199	-45	
-1039	-167	-31	
-1063	-255	-19	
-1055	-551	-1	
-903	-927	3	
-791	-927	93	
-695	-871	159	
-543	-767	199	
-519	-647	203	
-559	-583	199	
-519	-583	203	
-551	-791	191	
-519	-943	169	
-487	-927	171	
-671	-911	147	
-871	-751	135	
-983	-439	121	
-1031	-271	101	
-1007	-119	79	
-1023	-87	67	
-1055	-239	63	
-1047	-519	63	
-927	-807	69	
-727	-1047	87	
-279	-1135	155	
89	-1079	187	
337	-863	203	
401	-655	225	
393	-471	229	
473	-375	213	
873	-543	103	
905	-863	-81	
321	-1135	-189	
-167	-927	-261	
-311	-727	-271	
-479	-559	-271	
-671	-623	-227	
-743	-703	-201	
-871	-823	-121	
-991	-743	5	
-943	-527	117	
-759	-375	197	
-575	-343	237	
-415	-207	257	
-311	-247	265	
-151	-263	259	
41	-311	261	
145	-343	241	
185	-335	243	
177	-343	247	
217	-311	241	
153	-239	239	
73	-295	251	
-79	-679	233	
-383	-1103	107	
-615	-1039	-149	
-335	-687	-267	
145	-415	-287	
409	-279	-267	
521	-255	-243	
553	-223	-237	
473	-239	-249	
401	-295	-263	
313	-327	-271	
81	-511	-289	
-71	-551	-291	
-343	-679	-259	
-575	-647	-233	
-783	-503	-207	
-791	-311	-203	
-775	-119	-187	
-791	-23	-141	
-855	73	-79	
-815	97	-9	
-751	185	33	
-775	169	39	
-839	89	61	
-855	-55	93	
-895	-247	113	
-879	-351	123	
-919	-503	109	
-887	-591	107	
-847	-759	111	
-727	-1023	41	
-767	-1055	-43	
-839	-911	-71	
-951	-727	-91	
-983	-623	-93	
-1007	-567	-111	
-967	-527	-141	
-943	-447	-159	
-887	-431	-173	
-895	-535	-173	
-879	-743	-151	
-887	-879	-95	
-895	-919	-19	
-879	-863	79	
-783	-727	145	
-719	-535	185	
-623	-351	209	
-615	-287	205	
-623	-327	203	
-647	-535	189	
-631	-695	175	
-623	-783	161	
-599	-799	169	
-567	-887	169	
-543	-951	167	
-551	-959	159	
-607	-1039	123	
-727	-1039	101	
-839	-951	77	
-903	-855	59	
-975	-815	1	
-1015	-647	-45	
-1063	-415	-79	
-1023	-367	-77	
-1047	-407	-79	
-1047	-511	-39	
-1063	-599	19	
-991	-679	37	
-959	-807	47	
-863	-967	27	
-751	-1039	57	
-687	-911	129	
-591	-687	209	
-479	-591	229	
-399	-551	231	
-383	-455	227	
-383	-399	229	
-375	-319	229	
-335	-287	229	
-255	-279	237	
-183	-319	243	
-31	-463	253	
97	-647	247	
129	-631	253	
89	-895	241	
169	-975	255	
601	-1031	233	
1289	-695	111	
1209	-287	-15	
1017	33	-15	
825	265	-1	
721	313	5	
801	265	23	
1001	-103	67	
1041	-575	97	
793	-991	99	
401	-1143	147	
105	-1015	195	
-127	-815	233	
-271	-431	245	
-343	-255	231	
-399	-151	225	
-335	-231	237	
-63	-391	255	
345	-655	217	
705	-751	127	
937	-527	93	
977	-191	93	
897	-23	103	
681	-63	183	
369	-255	229	
49	-423	249	
-279	-671	233	
-479	-679	211	
-543	-551	217	
-463	-223	231	
-463	-47	217	
-479	-79	217	
-423	-199	237	
-183	-223	253	
65	-151	241	
297	-143	219	
401	-55	199	
993	-231	25	
977	-111	-23	
865	129	19	
705	273	-69	
809	81	-145	
849	-575	-165	
977	-599	-83	
1025	-463	-37	
1041	-263	-17	
969	-263	-43	
953	-407	-107	
937	-671	-81	
897	-759	-67	
921	-767	-51	
889	-719	-105	
761	-727	-183	
641	-679	-223	
513	-583	-255	
345	-527	-281	
265	-479	-283	
169	-335	-293	
137	-215	-285	
153	-111	-277	
121	-111	-277	
89	-111	-289	
113	-119	-279	
73	-143	-285	
57	-119	-293	
81	-135	-289	
73	-127	-281	
17	-135	-287	
9	-111	-285	
1	-119	-283	
-23	-151	-285	
-15	-135	-285	
-15	-151	-285	
-7	-175	-287	
-7	-207	-291	
-47	-255	-291	
-63	-303	-297	
-143	-335	-293	
-135	-343	-299	
-159	-423	-297	
-207	-423	-297	
-343	-543	-287	
-327	-711	-271	
-135	-1103	-199	
-319	-1183	-155	
-447	-1207	-119	
-703	-1103	-49	
-911	-903	-39	
-1031	-607	-3	
-1007	-255	47	
-879	-23	93	
-639	97	131	
-431	145	153	
-399	145	167	
-559	57	149	
-911	-207	89	
-1023	-551	13	
-855	-911	-77	
-359	-1263	-123	
169	-1295	-85	
513	-1207	-13	
537	-1111	77	
337	-1063	135	
-39	-1039	165	
-551	-951	125	
-791	-855	99	
-887	-679	103	
-879	-415	135	
-647	-111	171	
-535	25	185	
-391	57	209	
-311	33	213	
-407	25	193	
-559	33	157	
-775	33	83	
-927	1	-17	
-951	-119	-99	
-855	-239	-175	
-767	-263	-205	
-687	-287	-227	
-679	-367	-237	
-719	-431	-219	
-879	-511	-181	
-991	-679	-73	
-911	-839	-15	
-735	-1063	-17	
-415	-1239	-95	
153	-1239	-165	
625	-1063	-145	
833	-967	-77	
673	-1055	59	
249	-1127	143	
-143	-1007	189	
-471	-783	199	
-567	-639	203	
-527	-359	223	
-343	9	215	
-279	249	181	
-95	401	181	
-183	193	201	
-511	-23	187	
-863	-207	119	
-1047	-479	1	
-879	-775	-125	
-399	-1015	-209	
369	-943	-225	
777	-815	-149	
865	-903	-51	
593	-1095	75	
153	-1007	181	
-247	-759	213	
-463	-535	219	
-463	-151	213	
-279	105	191	
-215	369	157	
73	465	159	
41	401	163	
-39	329	155	
-279	249	149	
-655	65	121	
-975	-175	29	
-1007	-407	-95	
-831	-599	-191	
-431	-679	-259	
289	-639	-273	
721	-551	-201	
969	-535	-105	
953	-743	1	
761	-991	11	
649	-1063	-35	
425	-1175	-95	
185	-1207	-137	
49	-1271	-107	
-103	-1247	-129	
65	-1263	-143	
169	-1319	-93	
193	-1295	-37	
153	-1335	-3	
9	-1327	-37	
-87	-1335	-73	
9	-1159	-185	
169	-1135	-183	
265	-1103	-193	
265	-911	-235	
241	-743	-271	
265	-575	-275	
185	-463	-283	
105	-327	-287	
-111	-311	-287	
-191	-271	-283	
-271	-207	-275	
-415	-231	-269	
-535	-455	-259	
-375	-599	-279	
-295	-591	-289	
-567	-535	-275	
-831	-335	-237	
-871	-159	-197	
-943	-119	-145	
-1031	-183	-31	
-975	-335	87	
-655	-623	185	
-103	-767	227	
449	-743	193	
889	-711	89	
1041	-479	1	
945	-15	-41	
457	385	-99	
-287	281	-183	
-487	-79	-253	
-415	-471	-277	
-207	-839	-271	
-127	-959	-263	
-271	-991	-277	
-575	-687	-291	
-807	-463	-231	
-983	-343	-129	
-1015	-255	23	
-903	-191	107	
-551	-295	217	
89	-407	247	
705	-463	169	
969	-247	67	
1033	-287	-13	
697	225	-93	
217	361	-155	
-271	265	-191	
-663	-167	-229	
-655	-511	-249	
-367	-783	-269	
-183	-751	-293	
-327	-599	-315	
-407	-551	-365	
-615	-431	-301	
-767	-463	-243	
-983	-487	-139	
-1087	-527	-7	
-935	-431	107	
-519	-255	219	
305	-135	215	
817	-111	117	
961	-79	27	
777	193	-93	
297	329	-147	
-247	233	-205	
-615	-95	-227	
-655	-535	-239	
-447	-695	-259	
-199	-751	-273	
-159	-751	-325	
-183	-631	-343	
-439	-503	-295	
-767	-367	-217	
-991	-175	-89	
-1015	-239	5	
-895	-367	125	
-631	-247	195	
-199	-63	221	
441	105	163	
697	161	77	
809	185	-31	
497	129	-195	
81	105	-243	
-383	9	-243	
-751	-247	-211	
-815	-487	-205	
-639	-791	-225	
-351	-855	-255	
-231	-839	-311	
-223	-679	-351	
-335	-583	-309	
-631	-551	-255	
-895	-535	-173	
-1023	-551	-67	
-991	-639	43	
-839	-535	139	
-479	-279	211	
177	-7	215	
537	161	125	
729	233	-7	
441	249	-179	
-55	209	-213	
-423	41	-231	
-775	-223	-199	
-823	-463	-197	
-679	-775	-205	
-335	-1031	-211	
-183	-1063	-213	
-279	-1071	-197	
-271	-1319	-175	
-71	-1271	-253	
-71	-1095	-267	
-231	-919	-279	
-631	-663	-249	
-895	-567	-165	
-1039	-495	-65	
-983	-375	65	
-687	-351	189	
-199	-359	245	
409	-335	209	
817	-439	127	
1001	-455	-7	
865	-127	-127	
817	-31	-137	
609	193	-125	
249	385	-129	
-119	425	-99	
-543	297	-107	
-863	-119	-159	
-791	-431	-217	
-447	-791	-259	
-159	-863	-279	
-47	-975	-273	
153	-1063	-285	
65	-1071	-267	
-183	-1039	-291	
-399	-935	-271	
-631	-807	-235	
-1007	-551	-121	
-1071	-343	7	
-839	-191	145	
-255	-231	231	
337	-207	217	
777	-103	115	
857	33	-29	
641	217	-97	
241	385	-117	
-223	417	-119	
-615	193	-149	
-839	-183	-169	
-935	-471	-169	
-751	-775	-189	
-463	-999	-215	
-223	-1111	-271	
-223	-871	-299	
-503	-655	-267	
-871	-447	-177	
-1047	-367	-55	
-975	-311	69	
-807	-359	157	
-503	-463	213	
-207	-415	245	
177	-327	237	
601	-231	173	
801	1	65	
713	217	-65	
161	433	-113	
-247	401	-113	
-655	161	-141	
-919	-215	-151	
-831	-503	-201	
-567	-655	-249	
-351	-751	-267	
-287	-807	-269	
-247	-919	-279	
-199	-1167	-287	
-199	-1191	-303	
-295	-1055	-275	
-327	-1039	-251	
-399	-1007	-227	
-535	-951	-217	
-759	-743	-197	
-847	-711	-155	
-935	-655	-125	
-959	-623	-111	
-999	-583	-95	
-991	-559	-81	
-1015	-559	-69	
-999	-519	-73	
-1015	-471	-69	
-1031	-431	-67	
-991	-383	-113	
-959	-327	-129	
-919	-215	-153	
-895	-175	-175	
-767	-143	-219	
-671	-87	-243	
-503	-47	-267	
-359	-31	-269	
-207	25	-267	
-47	1	-271	
1	-31	-277	
65	-79	-275	
121	-39	-267	
105	-15	-271	
73	-7	-263	
81	1	-273	
105	-15	-271	
97	-31	-269	
113	-15	-265	
137	-31	-275	
153	-47	-277	
153	-87	-283	
161	-143	-287	
161	-159	-285	
177	-151	-281	
177	-431	-301	
137	-447	-305	
169	-407	-303	
169	-407	-299	
161	-407	-301	
153	-399	-297	
177	-415	-297	
161	-423	-301	
177	-407	-301	
193	-407	-303	
161	-415	-301	
169	-439	-303	
169	-495	-301	
169	-503	-299	
193	-495	-297	
185	-487	-303	
169	-495	-297	
169	-471	-303	
169	-495	-303	
193	-503	-303	
161	-495	-303	
185	-487	-301	
193	-471	-299	
161	-495	-299	
177	-479	-301	
145	-479	-305	
209	-471	-301	
209	-479	-303	
193	-487	-307	
177	-495	-303	
185	-479	-295	
177	-487	-297	
185	-495	-301	
177	-471	-301	
185	-487	-305	
161	-487	-301	
169	-487	-303	
161	-487	-301	
177	-479	-303	
169	-479	-297	
185	-479	-297	
185	-487	-305	
193	-495	-297	
185	-495	-301	
193	-487	-299	
185	-479	-295	
177	-487	-301	
185	-495	-299	
169	-511	-297	
169	-487	-297	
161	-479	-297	
